-10        -0.5418        1.37116
-9.75        -1.11846        1.42816
-9.5        -1.71664        1.49534
-9.25        -2.25526        1.307
-9        -2.79369        1.3466
-8.75        -3.32123        1.32031
-8.5        -3.83534        1.28519
-8.25        -4.33351        1.24469
-8        -4.81916        1.2122
-7.75        -5.2868        1.16742
-7.5        -5.74395        1.14191
-7.25        -6.19318        1.123
-7        -6.62751        1.08599
-6.75        -7.04653        1.04749
-6.5        -7.45004        1.0087
-6.25        -7.83803        0.969901
-6        -8.21064        0.931266
-5.75        -8.57035        0.899602
-5.5        -8.91613        0.864389
-5.25        -9.24619        0.825098
-5        -9.54643        0.767598
-4.75        -9.82544        0.69996
-4.5        -10.1008        0.691222
-4.25        -10.3557        0.648472
-4        -10.5793        0.561563
-3.75        -10.7941        0.538384
-3.5        -11.0001        0.515836
-3.25        -11.1971        0.492889
-3        -11.3794        0.455811
-2.75        -11.5469        0.41821
-2.5        -11.7        0.38242
-2.25        -11.8401        0.350221
-2        -11.9648        0.311714
-1.75        -12.0682        0.261193
-1.5        -12.1509        0.206598
-1.25        -12.2219        0.176869
-1        -12.2763        0.138516
-0.75        -12.3146        0.0954698
-0.5        -12.3416        0.066743
-0.25        -12.3525        0.0263543
0        -12.3525        2.18536e-13
0.25        -12.3436        0.0222038
0.5        -12.3281        0.0386644
0.75        -12.3069        0.0531255
1        -12.281        0.0645742
1.25        -12.2517        0.0737271
1.5        -12.2194        0.0806738
1.75        -12.1843        0.087992
2        -12.1471        0.0930197
2.25        -12.1087        0.0955022
2.5        -12.067        0.104199
2.75        -12.0256        0.102586
3        -11.9831        0.106045
3.25        -11.9413        0.102599
3.5        -11.8973        0.10807
3.75        -11.8524        0.110694
4        -11.8082        0.109972
4.25        -11.7623        0.114763
4.5        -11.7152        0.120495
4.75        -11.671        0.108946
5        -11.6236        0.120136
5.25        -11.5768        0.122861
5.5        -11.5229        0.135094
5.75        -11.4754        0.118711
6        -11.428        0.121822
6.25        -11.3844        0.104703
6.5        -11.3315        0.126317
6.75        -11.2814        0.118559
7        -11.2276        0.136408
7.25        -11.1774        0.122703
7.5        -11.123        0.135632
7.75        -11.0703        0.129654
8        -11.0136        0.141502
8.25        -10.9545        0.149226
8.5        -10.8956        0.144789
8.75        -10.8273        0.168662
9        -10.7591        0.170447
9.25        -10.6853        0.190286
9.5        -10.6122        0.180923
9.75        -10.5389        0.185172
10        -10.4737        0.162138
