1        0.995298        2.78943e-07
2        1.00211        0.000207177
3        1.00488        0.000416716
4        1.01352        0.000626845
5        1.01652        0.000842705
6        1.01019        0.00105674
7        1.00746        0.00126049
8        1.00507        0.00146591
9        0.996346        0.0016722
10        0.995641        0.00186523
11        0.995503        0.00207183
12        1.00043        0.00227833
13        0.996341        0.00249902
14        0.997487        0.00269431
15        0.997912        0.00290534
16        0.998119        0.00311413
17        0.997382        0.00332143
18        0.996071        0.00352568
19        0.997674        0.00372863
20        0.996121        0.00394319
21        0.993556        0.00414443
22        0.993586        0.00434027
23        0.992061        0.0045474
24        0.992895        0.00474653
25        0.992246        0.00495768
26        0.995303        0.00516057
27        0.995748        0.00538484
28        0.994856        0.00559215
29        0.995508        0.00579588
30        0.992867        0.00600584
31        0.992791        0.00619694
32        0.993377        0.00640358
33        0.994664        0.00661479
34        0.994281        0.00682969
35        0.995614        0.0070346
36        0.99663        0.0072511
37        0.995908        0.00746602
38        0.995882        0.00766862
39        0.997041        0.00787457
40        0.999099        0.00809043
41        0.999669        0.00831599
42        1.00193        0.00852758
43        1.00221        0.00875583
44        1.00107        0.00896853
45        1.00215        0.00916648
46        1.00202        0.0093842
47        1.00335        0.00959211
48        1.00392        0.0098141
49        1.00321        0.0100289
50        1.00261        0.0102325
51        1.00116        0.0104336
52        1.00068        0.0106268
53        1.00041        0.0108305
54        0.999645        0.0110354
55        1.00017        0.0112368
56        1.00011        0.0114503
57        1.00068        0.0116571
58        1.00153        0.011873
59        1.00123        0.0120909
60        1.00094        0.0122969
61        1.00086        0.0125011
62        1.00111        0.0127101
63        1.00017        0.0129206
64        1.00042        0.0131189
65        1.00018        0.0133287
66        0.999505        0.0135341
67        0.999184        0.013734
68        0.998826        0.0139378
69        0.998177        0.0141415
70        0.999316        0.0143401
71        0.99947        0.014565
72        0.99975        0.0147748
73        0.999512        0.0149873
74        0.999144        0.0151917
75        0.998831        0.0153952
76        0.9986        0.0155975
77        0.998338        0.0158043
78        0.998757        0.0160073
79        0.999404        0.0162212
80        0.99978        0.0164417
81        0.999409        0.0166559
82        0.999068        0.0168586
83        0.999206        0.0170612
84        0.999138        0.0172722
85        0.999166        0.0174792
86        0.999129        0.0176897
87        0.999184        0.0178941
88        0.999649        0.0181059
89        1.00063        0.0183207
90        1.00116        0.0185492
91        1.00118        0.0187664
92        1.00147        0.0189755
93        1.0021        0.0191894
94        1.00186        0.0194104
95        1.00114        0.0196168
96        1.00125        0.01981
97        1.00102        0.0200241
98        1.00041        0.0202272
99        0.99995        0.0204243
100        1.00019        0.0206249
