1        0.380799        0.0953843
2        0.3793        0.0945647
3        0.379027        0.0947091
4        0.379252        0.0950159
5        0.37904        0.0946005
6        0.379081        0.0947728
7        0.379136        0.0950098
8        0.379231        0.0944924
9        0.379248        0.0951097
10        0.379132        0.0943779
11        0.379133        0.0949897
12        0.379071        0.0945809
13        0.379008        0.0945553
14        0.37897        0.0945877
15        0.378937        0.0945583
16        0.37898        0.0949582
17        0.379023        0.0948322
18        0.379011        0.0949423
19        0.379038        0.094667
20        0.379071        0.0950382
